Title: Feeling the Pull: A Study of Natural Galactic Accelerometers. II. 
    Kinematics and Mass of the Delicate Stellar Stream of the Palomar 5 
    Globular Cluster
Authors: Ibata R.A., Lewis G.F., Thomas G., Martin N.F., Chapman S.
Table: Kinematic Catalog
================================================================================
Byte-by-byte Description of file: apjaa7514t2_mrt.txt
--------------------------------------------------------------------------------
   Bytes Format Units    Label   Explanations
--------------------------------------------------------------------------------
   1-  2 I2     h        RAh      Hour of Right Ascension (J2000) 
   4-  5 I2     min      RAm      Minute of Right Ascension (J2000) 
   7- 12 F6.3   s        RAs      Second of Right Ascension (J2000) 
  14- 14 A1     ---      DE-      Sign of the Declination (J2000)
  15- 16 I2     deg      DEd      Degree of Declination (J2000) 
  18- 19 I2     arcmin   DEm      Arcminute of Declination (J2000) 
  21- 25 F5.2   arcsec   DEs      Arcsecond of Declination (J2000) 
  27- 32 F6.3   mag      g0mag    g magnitude, extinction corrected
  34- 38 F5.3   mag      (g-r)0   g-r color, extinction corrected
  40- 46 F7.2   km/s     HRV      Heliocentric radial velocity
  48- 51 F4.2   km/s   e_HRV      Uncertainty in HRV
  53- 57 F5.3   %        Prob     Membership probability (<1)
  59- 59 A1     ---      Inst     Instrument flag -- F: FLAMES, A: AAOmega
--------------------------------------------------------------------------------
15 03 27.723 -03 25 23.50 19.130 0.431  -68.51 3.21 0.224 F 
15 05 55.371 -02 50 42.50 17.798 0.482   14.22 4.33 0.315 F 
15 06 49.473 -02 17 51.60 18.091 0.462 -121.45 4.61 0.272 F 
15 08 10.594 -02 10 07.40 19.161 0.437 -185.13 2.47 0.601 F 
15 08 07.141 -02 06 38.80 17.430 0.548  -59.48 1.11 0.376 F 
15 08 18.902 -02 12 56.40 18.021 0.494  -62.94 0.69 0.922 F 
15 08 42.941 -01 49 03.20 18.631 0.473  -56.76 2.40 0.380 F 
15 11 21.711 -01 29 02.20 17.631 0.537  -53.06 0.82 0.965 F 
15 10 51.488 -01 31 39.10 18.803 0.466  -58.64 2.00 0.449 F 
15 10 39.039 -01 26 45.20 16.969 0.573  -57.04 1.15 0.964 F 
15 12 28.250 -01 12 49.60 18.353 0.467  -58.05 1.70 0.639 F 
15 11 52.559 -01 12 02.50 17.391 0.513  -44.77 1.04 0.461 F 
15 16 13.438 -00 02 00.70 18.522 0.476  -54.70 2.76 0.820 F 
15 16 08.320 -00 07 38.00 17.458 0.545  -55.41 1.16 0.951 F 
15 16 07.969 -00 05 21.10 18.760 0.467  -59.53 1.38 0.802 F 
15 15 56.098 -00 06 05.60 16.026 0.700  -55.31 0.58 0.998 F 
15 16 00.320 -00 05 59.80 17.890 0.490  -70.17 1.03 0.821 F 
15 16 04.809 -00 06 27.60 18.098 0.498  -56.58 0.89 0.911 F 
15 16 02.582 -00 05 37.70 19.455 0.425  -50.68 1.34 0.519 F 
15 16 08.512 -00 05 10.00 17.885 0.479  -58.90 0.77 0.429 F 
15 16 17.930 -00 07 26.40 18.443 0.457  -56.44 0.76 0.443 F 
15 16 09.922 -00 06 38.60 18.965 0.463  -56.15 2.94 0.708 F 
15 16 23.117 -00 03 23.60 17.800 0.496  -55.59 1.32 0.805 F 
15 16 20.914 -00 08 42.70 15.879 0.699  -55.91 0.58 0.769 F 
15 16 20.660 -00 07 33.40 18.132 0.477  -57.55 0.75 0.739 F 
15 16 10.844 -00 08 30.60 18.536 0.484  -53.57 1.59 0.800 F 
15 16 15.980 -00 09 28.70 16.489 0.673  -42.96 0.58 0.898 F 
15 16 14.832 -00 09 42.90 18.826 0.447  -55.52 1.28 0.811 F 
15 16 24.480 -00 15 11.80 19.148 0.429  -57.72 1.00 0.586 F 
15 16 23.531 -00 12 49.90 19.360 0.424  -60.28 1.54 0.341 F 
15 16 08.281 -00 08 29.90 18.844 0.463  -79.59 4.62 0.679 F 
15 16 03.473 -00 12 25.30 18.929 0.442  -52.76 0.99 0.635 F 
15 15 58.250 -00 09 46.40 17.708 0.535  -54.79 0.59 0.949 F 
15 16 08.660 -00 08 03.10 16.106 0.747  -54.54 0.58 0.656 F 
15 16 01.531 -00 16 07.70 17.427 0.548  -54.93 0.66 0.992 F 
15 16 03.605 -00 07 16.90 17.984 0.507  -53.21 1.68 0.962 F 
15 16 00.531 -00 09 07.30 19.434 0.448  -57.62 3.59 0.641 F 
15 15 59.508 -00 08 59.50 16.880 0.650  -56.46 0.58 0.381 F 
15 15 52.594 -00 07 40.40 16.367 0.608  -53.78 0.58 0.570 F 
15 15 54.789 -00 06 55.00 17.423 0.531  -55.48 0.61 0.957 F 
15 16 06.520 -00 07 00.90 16.521 0.665  -55.32 0.58 0.987 F 
15 15 48.188 -00 06 07.40 18.424 0.478  -56.75 1.05 0.901 F 
15 15 47.039 -00 07 02.00 18.950 0.423  -60.14 2.64 0.279 F 
15 15 57.047 -00 08 49.90 18.183 0.496  -55.82 2.46 0.948 F 
15 16 00.078 -00 05 13.80 18.975 0.447  -57.08 1.34 0.488 F 
15 17 58.316 +00 41 55.70 18.241 0.477  -52.32 1.35 0.858 F 
15 18 15.223 +00 42 12.90 19.148 0.431   -0.28 1.27 0.386 F 
15 18 56.016 +00 45 17.20 17.260 0.544 -243.56 0.74 0.794 F 
15 18 23.555 +00 37 26.20 19.751 0.422  -61.22 4.32 0.709 F 
15 18 38.938 +00 30 46.80 16.622 0.644   26.90 0.62 0.931 F 
15 18 04.973 +00 33 04.60 17.147 0.569  -54.25 1.07 0.965 F 
15 17 42.102 +00 32 52.40 18.521 0.451  -56.01 1.71 0.433 F 
15 20 06.188 +01 00 12.00 16.276 0.633  -17.30 0.61 0.704 F 
15 20 36.008 +00 54 16.40 19.230 0.455  -51.66 2.13 0.347 F 
15 19 48.926 +00 49 10.60 19.733 0.417 -274.77 4.93 0.373 F 
15 20 49.559 +01 07 58.10 18.174 0.506  -48.15 1.75 0.597 F 
15 21 10.641 +01 02 34.30 19.043 0.456  -51.04 1.25 0.484 F 
15 21 26.004 +01 02 41.70 17.571 0.548  -49.23 1.57 0.953 F 
15 20 06.188 +01 00 12.00 16.276 0.633  -16.77 0.79 0.686 F 
15 20 45.996 +01 02 28.60 16.595 0.569  -50.45 0.58 0.259 F 
15 21 40.496 +01 20 23.30 18.420 0.483 -220.25 3.71 0.533 F 
15 22 09.137 +01 18 22.00 16.358 0.609 -155.86 1.17 0.459 F 
15 21 51.160 +01 04 43.40 17.460 0.543  -53.27 1.39 0.543 F 
15 22 58.852 +01 37 56.00 17.276 0.590  -55.37 1.73 0.714 F 
15 23 36.145 +01 29 27.40 18.232 0.480  -48.75 2.50 0.660 F 
15 24 04.848 +01 28 12.90 17.406 0.538  -59.20 2.90 0.983 F 
15 23 55.191 +01 21 58.80 17.570 0.533   -2.78 2.18 0.721 F 
15 24 48.086 +01 42 38.00 17.162 0.530   -3.45 0.70 0.364 F 
15 24 42.047 +01 37 48.10 18.758 0.435 -240.99 3.25 0.278 F 
15 24 15.906 +01 33 45.20 19.381 0.456  -62.16 0.98 0.610 F 
15 23 51.605 +01 33 04.70 18.074 0.487  -49.89 1.74 0.852 F 
15 24 05.859 +01 34 02.20 16.807 0.575  -62.81 0.62 0.607 F 
15 24 23.898 +01 43 28.70 18.744 0.449  -53.37 1.75 0.446 F 
15 25 36.297 +01 52 43.00 19.243 0.463   35.77 3.45 0.498 F 
15 25 34.250 +01 54 59.10 18.702 0.448   -8.19 3.39 0.268 F 
15 26 00.281 +02 01 42.40 19.380 0.431  -54.50 2.51 0.587 F 
15 26 05.840 +01 55 11.60 18.873 0.450  -53.68 2.91 0.814 F 
15 25 51.867 +01 58 16.90 19.311 0.456 -281.78 2.36 0.476 F 
15 25 44.246 +01 56 04.40 18.562 0.476  -54.83 2.74 0.512 F 
15 25 27.602 +01 51 03.90 19.220 0.423  -47.55 3.94 0.244 F 
15 26 49.641 +02 15 00.10 18.454 0.468   22.04 2.09 0.255 F 
15 27 30.164 +02 01 16.30 18.544 0.473  -58.02 1.46 0.685 F 
15 27 16.121 +01 57 20.60 17.858 0.495   98.68 1.26 0.568 F 
15 28 07.383 +02 17 30.10 18.847 0.451  -54.00 3.24 0.864 F 
15 28 22.961 +02 14 52.20 17.717 0.502  249.62 1.54 0.635 F 
15 27 50.617 +02 08 58.80 19.191 0.440   36.57 2.48 0.697 F 
15 27 47.863 +02 05 10.20 19.212 0.470 -247.68 2.88 0.330 F 
15 29 21.578 +02 26 13.20 17.973 0.504  -64.04 1.26 0.959 F 
15 28 58.680 +02 19 12.90 18.264 0.468  -49.59 1.65 0.721 F 
15 30 06.078 +02 31 25.10 17.449 0.538  -54.22 0.85 0.910 F 
15 33 00.508 +02 56 19.90 19.176 0.443  -54.28 3.80 0.714 F 
15 32 36.500 +02 54 28.00 19.200 0.435  -33.85 2.97 0.315 F 
15 32 34.598 +02 53 01.50 19.673 0.414  -32.04 2.18 0.265 F 
15 44 05.957 +04 11 36.50 17.892 0.510  -48.50 2.16 0.426 F 
15 43 56.070 +04 17 56.80 17.972 0.527   33.30 1.15 0.447 F 
15 46 00.484 +04 17 06.40 18.187 0.498  -53.06 2.87 0.735 F 
15 46 52.199 +04 31 25.10 16.665 0.571   26.28 0.59 0.435 F 
15 48 13.852 +04 40 58.40 18.418 0.457  231.82 1.56 0.570 F 
15 47 47.590 +04 38 02.20 16.951 0.597  -58.19 0.70 0.311 F 
15 50 53.570 +05 01 39.10 18.161 0.485  -50.13 2.50 0.259 F 
16 07 08.781 +06 45 21.40 16.254 0.709  -95.39 0.96 0.551 F 
15 09 20.199 -02 11 05.50 17.787 0.506   35.85 2.91 0.488 A 
15 07 39.512 -01 59 29.60 18.165 0.478  -88.87 3.34 0.596 A 
15 08 35.719 -01 39 43.00 16.587 0.577  211.39 1.14 0.518 A 
15 11 52.570 -01 12 02.50 17.393 0.520  -56.36 1.64 0.505 A 
15 10 39.020 -01 26 45.10 16.992 0.586  -53.48 1.02 0.971 A 
15 08 07.152 -02 06 38.50 17.430 0.548  -59.77 1.58 0.948 A 
15 16 34.953 -00 17 25.60 16.312 0.630  -57.59 0.76 0.824 A 
15 15 59.520 -00 08 59.60 16.884 0.598  -57.49 0.78 0.995 A 
15 15 58.258 -00 09 46.50 17.700 0.529  -55.62 1.23 0.740 A 
15 15 57.047 -00 08 50.00 18.172 0.490  -56.06 1.51 0.743 A 
15 14 34.629 -00 48 27.10 18.012 0.488  -56.30 1.39 0.787 A 
15 14 17.180 -00 33 08.40 18.210 0.505  -58.01 2.94 0.648 A 
15 15 58.891 -00 05 17.20 15.772 0.726  -53.91 0.76 0.890 A 
15 15 56.211 +00 02 24.60 17.689 0.517  -52.55 1.14 0.585 A 
15 18 35.887 +00 27 09.90 15.921 0.710  -54.82 0.81 0.973 A 
15 16 15.992 -00 09 28.70 16.515 0.671  -43.26 0.83 0.709 A 
15 16 07.738 -00 10 18.40 16.148 0.642  -58.16 0.75 0.597 A 
15 16 01.543 -00 16 07.90 17.407 0.556  -56.47 1.08 0.934 A 
15 15 27.781 -00 16 10.90 16.323 0.645  -41.78 1.44 0.833 A 
15 14 17.180 -00 33 08.40 18.210 0.505  -54.24 2.19 0.695 A 
15 16 02.000 -00 08 02.80 16.635 0.634  -55.85 0.84 0.860 A 
15 15 56.109 -00 06 05.80 16.048 0.699  -55.51 0.94 0.968 A 
15 15 29.395 +00 04 15.90 16.373 0.673   83.11 1.07 0.449 A 
15 15 52.840 +00 03 21.80 16.276 0.665  -54.78 0.97 0.968 A 
15 18 37.801 +00 23 29.10 18.462 0.460  -43.39 4.37 0.277 A 
15 16 08.512 -00 05 10.10 17.885 0.479  -55.53 1.31 0.447 A 
15 16 23.117 -00 03 23.60 17.799 0.501  -53.20 1.40 0.577 A 
15 14 20.707 -00 46 22.00 17.802 0.484  -54.12 1.30 0.534 A 
15 16 03.605 -00 07 17.00 17.970 0.499  -54.94 1.15 0.540 A 
15 13 54.402 -00 49 08.60 18.459 0.444  -69.85 3.90 0.312 A 
15 13 40.441 -00 42 29.30 17.010 0.550  -56.68 1.04 0.826 A 
15 14 05.473 -00 35 29.80 18.438 0.457  -57.60 2.55 0.206 A 
15 15 54.789 -00 06 55.00 17.407 0.539  -54.12 1.05 0.864 A 
15 16 03.742 +00 27 29.90 17.047 0.574  -44.62 1.32 0.457 A 
15 16 04.809 -00 06 27.60 18.100 0.498  -51.76 1.69 0.943 A 
15 16 34.953 -00 17 25.60 16.312 0.630  -56.61 0.75 0.657 A 
15 15 27.781 -00 16 10.90 16.323 0.645  -41.69 1.20 0.592 A 
15 15 59.520 -00 08 59.60 16.884 0.598  -56.47 1.07 0.982 A 
15 16 06.520 -00 07 01.00 16.591 0.638  -54.37 0.98 0.960 A 
15 15 58.891 -00 05 17.20 15.772 0.726  -52.79 0.83 0.421 A 
15 15 52.840 +00 03 21.80 16.276 0.665  -52.83 1.01 0.810 A 
15 15 29.395 +00 04 15.90 16.373 0.673   83.90 1.08 0.616 A 
15 17 34.547 +00 10 25.70 17.474 0.566  -52.61 1.80 0.817 A 
15 18 18.934 +00 49 58.40 17.497 0.531  -54.96 1.69 0.804 A 
15 18 35.887 +00 27 09.90 15.921 0.710  -52.96 1.23 0.982 A 
15 34 17.270 +03 05 38.10 17.474 0.505   25.74 3.38 0.312 A 
15 34 56.512 +02 54 34.10 16.125 0.749  -51.05 1.06 0.932 A 
15 41 28.555 +04 15 30.30 17.648 0.494 -131.46 2.32 0.264 A 
15 39 14.668 +03 36 25.40 18.013 0.480   -4.28 4.28 0.445 A 
15 43 22.449 +04 14 26.60 17.773 0.505  -50.22 3.22 0.396 A 
15 45 39.855 +04 19 23.30 18.399 0.461  100.19 2.44 0.263 A 
16 01 00.680 +06 08 46.40 18.493 0.483  -94.89 4.43 0.710 A 
16 01 22.145 +06 02 09.10 15.982 0.740  -47.35 0.78 0.906 A 
